[array([[-1.87939674e-01,  1.58855900e-01,  1.08138271e-01,
        -1.18586421e-01, -9.52236727e-02, -2.82142282e-01,
        -2.58145273e-01,  8.60071480e-02, -2.86051035e-02,
         2.95212328e-01],
       [ 2.92042762e-01, -1.25570729e-01,  3.70527059e-01,
        -3.09648067e-01, -3.29539597e-01,  3.26176584e-01,
        -1.02272213e-01, -3.21363032e-01, -2.61371791e-01,
        -2.50611007e-02],
       [ 8.72959420e-02,  1.58564389e-01, -2.70298123e-01,
         2.77199924e-01, -2.24381372e-01,  4.06476296e-02,
        -1.96621761e-01, -1.43839598e-01, -5.13590276e-02,
        -1.85485840e-01],
       [ 3.36824328e-01,  1.97703138e-01,  2.14087203e-01,
        -3.00868183e-01, -1.57372594e-01,  3.09198141e-01,
        -1.81242391e-01, -5.28585017e-02, -1.11785829e-01,
         3.40688407e-01],
       [ 1.20955929e-01, -2.77563453e-01, -3.44177514e-01,
        -3.11315715e-01,  1.86657459e-01, -2.03659828e-03,
        -1.78919509e-01,  2.33962238e-01, -1.33067429e-01,
        -1.96784273e-01],
       [ 2.96862245e-01,  9.74301845e-02, -2.74759591e-01,
        -3.23425531e-01,  2.88434774e-01, -3.60768706e-01,
        -1.19688123e-01,  3.21205080e-01,  3.60344350e-01,
         2.91520059e-01],
       [-3.91850442e-01, -4.35166322e-02,  2.13887095e-01,
         2.37798810e-01, -2.43137673e-01, -7.26535097e-02,
         2.85565674e-01, -2.00954303e-01,  6.74122572e-03,
        -3.03563207e-01],
       [-3.48723263e-01, -3.47154588e-01, -2.85319000e-01,
         3.30850542e-01, -1.17139898e-01,  1.59951255e-01,
        -2.82292664e-02, -8.26376081e-02,  6.15021884e-02,
         1.99039757e-01],
       [-3.07031661e-01,  3.29592377e-01, -3.51919532e-01,
         1.07910275e-01, -2.71080077e-01,  7.11933449e-02,
         2.53031731e-01,  5.86244464e-02,  1.88575506e-01,
        -1.73741877e-01],
       [-2.87233889e-01,  2.93175340e-01,  2.50950009e-01,
         7.78394639e-02, -1.27571002e-01,  1.42474368e-01,
         3.27391028e-02,  1.52377844e-01,  2.67492235e-01,
         1.68971241e-01],
       [-2.14513138e-01, -2.81019956e-01,  5.48925623e-02,
        -1.10672235e-01,  2.10014105e-01, -7.76266083e-02,
        -9.93622541e-02, -4.38734591e-02, -4.36023474e-02,
         8.38039517e-02],
       [ 2.92254269e-01,  3.83867681e-01,  3.93580019e-01,
        -1.19427443e-01,  5.88998124e-02, -7.54250363e-02,
        -3.52631003e-01, -2.30245933e-01, -2.14664266e-01,
        -3.07308853e-01],
       [-3.17371279e-01, -2.48769313e-01,  7.73690268e-02,
         1.33364558e-01,  6.76923692e-02,  2.35576794e-01,
         1.65254772e-01, -3.35374862e-01,  8.94221365e-02,
         2.08295286e-01],
       [ 2.11616874e-01, -2.40693435e-01,  3.13608408e-01,
         2.39740074e-01, -5.23312204e-02,  1.25650130e-02,
         3.42365503e-01, -1.75898671e-02,  2.86184430e-01,
        -1.62535504e-01],
       [-3.76025528e-01,  3.16603363e-01, -3.33319604e-01,
        -3.22619408e-01,  2.55173910e-02,  2.87999481e-01,
         1.44150555e-02, -1.69767439e-02,  1.49374247e-01,
        -3.41274232e-01],
       [ 2.76841372e-01, -2.94296563e-01,  1.26206324e-01,
        -1.62378252e-01, -1.74125865e-01, -2.78284639e-01,
        -6.75080121e-02,  4.27079499e-02,  2.30235755e-01,
        -2.77577221e-01],
       [-3.27318043e-01,  3.45008790e-01, -1.08717360e-01,
         4.11279500e-02,  3.31249565e-01, -1.53835788e-01,
        -3.15726936e-01,  5.39842248e-03, -1.23735905e-01,
        -2.04046369e-02],
       [-1.49897695e-01,  3.90432656e-01,  2.76307672e-01,
         2.28497744e-01,  1.69767871e-01,  3.15399528e-01,
        -2.01470256e-02,  1.25530303e-01,  1.04290098e-01,
         3.11722100e-01],
       [ 2.44079098e-01,  3.40671808e-01, -4.19525392e-02,
         2.48578310e-01,  3.13640386e-01, -2.08716080e-01,
        -3.77504110e-01, -2.52381265e-02, -1.70915127e-02,
         3.66307437e-01],
       [ 3.31305921e-01, -2.76860595e-02,  1.63344860e-01,
         1.21762335e-01, -9.96128470e-02, -2.02598840e-01,
        -2.56485462e-01,  3.89023721e-02,  1.35809481e-02,
        -1.61579058e-01],
       [ 3.03080529e-01,  3.84080559e-01,  3.75032239e-02,
         6.55024052e-02,  8.91503170e-02,  1.95772961e-01,
        -3.80901366e-01, -4.58011329e-02,  2.30541229e-02,
         1.96612358e-01],
       [-2.93029547e-02, -1.25783280e-01, -8.31218064e-02,
        -2.33976156e-01,  9.54191610e-02, -2.39643514e-01,
        -1.47758022e-01, -1.36436582e-01, -3.74790370e-01,
        -4.53633368e-02],
       [-1.84914947e-01,  1.70656785e-01, -2.21305788e-01,
         1.40687764e-01, -3.68425876e-01,  2.79981077e-01,
         3.74152660e-01,  2.92532206e-01,  1.66216314e-01,
         2.46810913e-01],
       [-5.49408197e-02,  3.59099656e-02, -1.11157537e-01,
        -6.13523424e-02,  2.46803045e-01,  1.27779081e-01,
         1.73777342e-04, -2.42117509e-01, -1.52857170e-01,
        -3.79707158e-01],
       [-2.84453839e-01, -1.82111576e-01,  1.49569988e-01,
         2.53032267e-01,  1.74440891e-01,  1.32449165e-01,
        -3.70220870e-01, -1.76352859e-01, -3.53675455e-01,
        -3.56361598e-01],
       [-3.40516418e-01, -1.07145436e-01, -8.19680542e-02,
        -2.78284162e-01,  1.10768462e-02, -2.39774242e-01,
         1.13537073e-01,  2.60706484e-01,  2.87215412e-01,
         3.72562051e-01],
       [ 3.56052458e-01,  5.29032536e-02, -2.24533249e-02,
         1.15399361e-01,  3.64337415e-01, -2.43943185e-02,
         1.82648420e-01, -3.04955572e-01, -3.19730937e-01,
        -3.32741082e-01],
       [-3.52238327e-01,  1.51906699e-01,  4.03951675e-01,
         2.52288878e-02,  3.66130680e-01,  3.10021192e-01,
        -2.16742083e-01,  7.57142007e-02, -3.06414634e-01,
         9.88712013e-02],
       [-5.24987467e-02, -6.03428259e-02, -3.60664099e-01,
         5.70163727e-02,  2.12830871e-01, -3.08952719e-01,
         1.58447325e-02,  1.21083379e-01, -5.82696795e-02,
         1.31489038e-02],
       [-3.85595150e-02, -2.66778827e-01,  3.31773520e-01,
        -3.09923619e-01,  1.00673147e-01, -2.83527970e-01,
         3.01248074e-01,  5.68852425e-02, -1.66658536e-01,
         3.53631139e-01]], dtype=float32), array([-0.00843289, -0.00291884,  0.00071273,  0.        ,  0.01398291,
       -0.00562692,  0.        ,  0.        ,  0.        ,  0.        ],
      dtype=float32)]
[array([[ 0.40290323, -0.29823473, -0.21744224,  0.00992388, -0.5153819 ,
         0.3794298 , -0.41539758, -0.09691394,  0.28202957, -0.20903125],
       [ 0.18440704, -0.25249162,  0.14526665, -0.4896558 ,  0.42528057,
         0.52194595,  0.490463  ,  0.06104023,  0.34498107, -0.47527498],
       [-0.31141323,  0.22757338,  0.28638697,  0.45432556, -0.48176166,
         0.08460553,  0.48005828,  0.00793101,  0.5299414 , -0.45857602],
       [ 0.14664423,  0.486552  ,  0.4847374 , -0.03234649,  0.14936179,
         0.00171602,  0.28935492, -0.45460838,  0.4422316 ,  0.3020352 ],
       [-0.23858236,  0.42441592, -0.26612583, -0.37516186,  0.17481178,
        -0.00184971,  0.18190385, -0.11125737,  0.20506427, -0.41263688],
       [ 0.16693726,  0.21679294, -0.3665179 ,  0.02323371, -0.23978716,
         0.4565878 ,  0.24823695,  0.1324334 ,  0.11577833,  0.28464007],
       [-0.14593777,  0.49892282,  0.41384   , -0.3700171 ,  0.4167719 ,
        -0.16700646, -0.07194194,  0.34969014, -0.17698252, -0.4178865 ],
       [-0.02222478, -0.19812918, -0.35111737,  0.01104939,  0.00081813,
        -0.4102197 , -0.17849708,  0.35671234, -0.5246281 , -0.46052268],
       [ 0.00315511,  0.05274498,  0.08715534, -0.3808325 ,  0.42329043,
         0.17565173, -0.13531867,  0.38759243, -0.4783246 , -0.27930847],
       [-0.02157366, -0.5400295 , -0.17663375, -0.200798  , -0.3369754 ,
         0.48775327, -0.06964087,  0.13132048,  0.42807293,  0.44913393]],
      dtype=float32), array([-0.00376512,  0.04011182,  0.        ,  0.        ,  0.        ,
       -0.00621303,  0.00769974, -0.00354294, -0.02429515,  0.        ],
      dtype=float32)]
[array([[ 0.08674359, -0.15626885,  0.28805357, -0.4562418 , -0.44509512,
        -0.3253889 , -0.42707077, -0.43057808, -0.04493403,  0.40800473],
       [-0.43175   ,  0.1403776 , -0.18872155,  0.367432  ,  0.04926848,
         0.03648543,  0.027718  , -0.18798287,  0.13514614,  0.14118478],
       [-0.42664692,  0.06878501,  0.17771381,  0.3427403 ,  0.37032676,
        -0.29016563,  0.4797523 , -0.26821405, -0.14422917,  0.05567575],
       [ 0.08465475,  0.2944361 , -0.30824333,  0.43572205, -0.4703465 ,
         0.20440596, -0.08666554, -0.05325255,  0.29121947,  0.12061858],
       [ 0.04730797,  0.21246868, -0.1698116 , -0.4225862 , -0.32277927,
         0.21862745, -0.30028194, -0.13227391, -0.23684373, -0.12821054],
       [ 0.18532342, -0.00959796, -0.06860523, -0.20523065, -0.5207845 ,
         0.02552605,  0.1726913 ,  0.44025832,  0.2062375 ,  0.07010219],
       [-0.4330846 ,  0.21075925, -0.5072283 ,  0.23062372, -0.42495477,
         0.23524702,  0.43103224, -0.15691589, -0.5218509 , -0.04808098],
       [-0.32189468,  0.34237978, -0.3383647 ,  0.16339272,  0.08299315,
        -0.32710066,  0.25507146, -0.06013624, -0.24564976,  0.06336422],
       [-0.45564002, -0.06348265,  0.24207129,  0.11791611,  0.19998795,
        -0.09041405, -0.14952253, -0.13786884, -0.2534911 , -0.38383806],
       [ 0.17217523, -0.51692504,  0.15112102, -0.20318955, -0.28617188,
        -0.36085942,  0.32506937, -0.08975992,  0.44320303, -0.00458127]],
      dtype=float32), array([ 0.        , -0.02422278, -0.0383178 ,  0.        ,  0.        ,
        0.        , -0.04222489,  0.00222362,  0.        , -0.01058934],
      dtype=float32)]
[array([[ 0.3059185 , -0.02976096,  0.0178681 ,  0.19094336,  0.44844925,
         0.29543942, -0.3117385 ,  0.2853173 ,  0.3256775 ,  0.35471725],
       [-0.33198863, -0.4671851 ,  0.18016945, -0.31752795,  0.20904832,
        -0.47944084, -0.4489683 ,  0.3007919 ,  0.25120258,  0.41033602],
       [-0.0937815 , -0.5188348 , -0.12858826,  0.37020802, -0.28442124,
         0.4175679 , -0.541917  , -0.48809028,  0.09871899,  0.4979171 ],
       [-0.18376523, -0.45602214,  0.21390879,  0.21076429, -0.25421876,
         0.38550186, -0.4235665 ,  0.1597197 , -0.01546282,  0.43891823],
       [ 0.33955348, -0.25616866,  0.12362146,  0.05045593, -0.28312957,
         0.12958992, -0.04146916, -0.23939317,  0.28015375,  0.43215638],
       [ 0.23324841, -0.20534372,  0.30285543, -0.02584964, -0.43440092,
         0.40989506, -0.04069293, -0.22281173, -0.5189652 ,  0.28805792],
       [-0.26803613, -0.08057299,  0.1699154 , -0.5042681 , -0.29173875,
         0.08431593, -0.45219627,  0.40872425,  0.2938791 ,  0.08418716],
       [ 0.29335627, -0.06508613,  0.11890943, -0.03591054,  0.49018633,
        -0.23815209,  0.31106085,  0.14694837, -0.5181668 , -0.0323813 ],
       [ 0.5384941 , -0.32377028, -0.39857996,  0.49941683,  0.29356664,
        -0.5184738 , -0.4810489 ,  0.04618728,  0.2318762 ,  0.24434936],
       [-0.4709494 , -0.4872214 , -0.2894078 , -0.16621408, -0.17703705,
         0.4111072 ,  0.3494391 , -0.07442855, -0.49903974,  0.2126618 ]],
      dtype=float32), array([-0.0232369 ,  0.        , -0.03748727,  0.0080661 , -0.05009429,
       -0.01099253,  0.10023818,  0.01137361, -0.04775703, -0.07078122],
      dtype=float32)]
[array([[-0.09563946, -0.12274247,  0.02657025,  0.13480006,  0.16005298,
         0.03769504, -0.24236369, -0.3672112 , -0.5410794 , -0.14027363],
       [ 0.14067274,  0.28360307, -0.50617754,  0.00252897,  0.29132605,
         0.3059138 ,  0.19150501,  0.24973816, -0.06014693, -0.09428725],
       [ 0.0719958 , -0.1057677 ,  0.3191453 ,  0.3957669 , -0.24827102,
         0.08431096,  0.2760649 ,  0.4146548 , -0.12550302,  0.11739163],
       [ 0.28494737,  0.28623772,  0.16929919,  0.4963762 ,  0.22806633,
         0.3221421 , -0.11162114,  0.16488461, -0.5466542 , -0.1418171 ],
       [ 0.20269507,  0.18930423,  0.03540686,  0.33885607, -0.3048085 ,
         0.46624884, -0.07782639, -0.42364132, -0.14354336, -0.08180895],
       [ 0.34003115, -0.42026043, -0.07732384, -0.3006337 , -0.27573982,
        -0.15719165, -0.41108587, -0.21144868, -0.5123283 ,  0.4788513 ],
       [ 0.52162755,  0.01434553,  0.4363918 , -0.530943  , -0.04287395,
         0.39412752,  0.38996947,  0.17544976,  0.1090492 , -0.11572046],
       [-0.21243161, -0.17557284,  0.2472561 ,  0.32921377,  0.52197635,
        -0.4423915 ,  0.00832219,  0.3340737 ,  0.08200314, -0.36009863],
       [ 0.28672123,  0.4152677 ,  0.21381673,  0.01264918, -0.5205812 ,
        -0.04675025,  0.2287813 , -0.3123213 ,  0.2641664 ,  0.4176213 ],
       [ 0.11978486, -0.38581634, -0.35581988,  0.30952916, -0.11227687,
         0.12834932, -0.5872129 ,  0.49533743, -0.16804005,  0.50222814]],
      dtype=float32), array([ 0.00960829,  0.        ,  0.09704956, -0.05324064,  0.05925825,
       -0.01880414, -0.06191165, -0.02113482, -0.04926067, -0.03301037],
      dtype=float32)]
[array([[ 0.4981262 ,  0.10410595, -0.153499  , -0.11063027,  0.4879934 ,
         0.23750094,  0.13012785,  0.39859316, -0.2962589 ,  0.37423554],
       [ 0.3880849 , -0.44185263, -0.27627036,  0.42126435,  0.3914432 ,
         0.4719274 ,  0.31902134,  0.32924962, -0.24640727, -0.34547612],
       [ 0.57977694, -0.36878476, -0.01327766, -0.44269598,  0.57204586,
         0.02012871, -0.03738349,  0.06217461, -0.21556506, -0.43583906],
       [-0.14109564, -0.34925583,  0.16274199,  0.4417345 , -0.41116273,
        -0.13208164,  0.38573027, -0.53954095, -0.13095097, -0.35853693],
       [-0.38205948,  0.05928659,  0.12051984, -0.30416915, -0.17367785,
        -0.41980398,  0.5116082 , -0.09964924,  0.2306664 ,  0.4253295 ],
       [ 0.38988927, -0.05001086, -0.47267494, -0.17655395, -0.46173057,
         0.2007466 ,  0.43072736,  0.43532428,  0.21768679,  0.52531844],
       [-0.05568704,  0.34770185,  0.17769225, -0.05643093, -0.22418915,
        -0.47256675,  0.07729547,  0.22475934, -0.22380406,  0.36341292],
       [-0.15607275, -0.04645443,  0.26955104,  0.41193882, -0.03955369,
        -0.08279143, -0.29982454, -0.3745255 , -0.4437535 , -0.24944425],
       [-0.06218082,  0.02348858,  0.27083713,  0.09121121,  0.2989689 ,
        -0.13939783,  0.19738619, -0.07714596, -0.16678995,  0.30051208],
       [-0.27936146, -0.46800715,  0.2526239 ,  0.2808772 , -0.29809618,
         0.40657744, -0.29698682,  0.35274827,  0.47530776, -0.20825218]],
      dtype=float32), array([ 0.06153589,  0.        ,  0.07467766, -0.06858961,  0.06256743,
        0.0521817 , -0.0579038 , -0.02579296, -0.02481881,  0.02144735],
      dtype=float32)]
[array([[ 0.71541506, -0.17901666],
       [ 0.5824668 , -0.5812489 ],
       [ 0.3016341 , -0.18443902],
       [-0.03737448,  0.6586921 ],
       [ 0.61598265, -0.16908471],
       [-0.15407701, -0.33203238],
       [ 0.11771064,  0.42244613],
       [-0.4840077 ,  0.4153277 ],
       [-0.56005037,  0.2684865 ],
       [ 0.23431113,  0.08274625]], dtype=float32), array([ 0.07222962, -0.07222962], dtype=float32)]
Test accuracy: 0.8998242521327912